 F
       21649       38777           3        2048
   -0.140498365276544291E+03   -0.134728630356371610E+03
 T
   2
    0.200000000000000000E+01    0.300000000000000000E+01    0.195312500000000000E+00    0.804687500000000000E+00
   0
   0
 T T     0           0
    0.000000000000000000E+00   -0.100000000000000002+101    0.000000000000000000E+00
 T F     1         400
    0.156309144713135752E-04   -0.142149630787037552E+03   -0.134760238983920345E+03
 T F     1        1648
    0.543367558306860125E-04   -0.140711319690332260E+03   -0.134721128736251188E+03
