 F
       19693       37078           3        2048
   -0.114425057455511293E+03   -0.108578787744425114E+03
 T
   2
    0.200000000000000000E+01    0.300000000000000000E+01    0.993652343750000000E+00    0.634765625000000000E-02
   0
   0
 T T     0           0
    0.000000000000000000E+00   -0.100000000000000002+101    0.000000000000000000E+00
 T F     1        2035
    0.177682654169499302E-03   -0.114425367317220804E+03   -0.108577375753033792E+03
 T F     1          13
    0.109665622209480991E-04   -0.122504596839185112E+03   -0.113134925349768409E+03
