 F
       23540       51318           3        2048
   -0.139343305789915348E+03   -0.133390704455279007E+03
 T
   2
    0.200000000000000000E+01    0.300000000000000000E+01    0.930664062500000000E+00    0.693359375000000000E-01
   0
   0
 T T     0           0
    0.000000000000000000E+00   -0.100000000000000002+101    0.000000000000000000E+00
 T F     1        1906
    0.248124902377000025E-04   -0.139410546857644249E+03   -0.133380720082354259E+03
 T F     1         142
    0.325094327244718885E-05   -0.142076209032026384E+03   -0.133534254445591017E+03
