 F
       21439       41248           3        2048
   -0.138207888878688010E+03   -0.132067737295333330E+03
 T
   2
    0.200000000000000000E+01    0.300000000000000000E+01    0.977539062500000000E+00    0.224609375000000000E-01
   0
   0
 T T     0           0
    0.000000000000000000E+00   -0.100000000000000002+101    0.000000000000000000E+00
 T F     1        2002
    0.731296958600303343E-04   -0.138220620167448317E+03   -0.132055155137733550E+03
 T F     1          46
    0.739189294323254763E-05   -0.142577940403041339E+03   -0.133049745819007029E+03
